"","IdEstablecimiento","OriginalGRD","Prediction"
"1",101100,0.97711,0.999687776664797
"2",102100,1.03579,1.03775127168358
"3",103100,1.1809,1.20241258726324
"4",103101,1.01062,0.988132473524134
"5",103102,NA,0.919138883348477
"6",103103,NA,0.914145820690787
"7",103104,NA,0.93259859752517
"8",104100,0.95309,0.97572014479454
"9",104101,NA,0.926909354215506
"10",104102,NA,0.94091609910598
"11",104103,0.89139,0.909492244798684
"12",104104,NA,0.950332779125113
"13",105100,1.06561,1.13183611640602
"14",105101,1.10134,1.09150512285345
"15",105102,1.01084,1.02065230896162
"16",105103,NA,0.929369630717858
"17",105104,NA,0.927341496730442
"18",105105,NA,0.940224550589792
"19",105106,NA,0.921880853181596
"20",105107,NA,0.921909594637617
"21",105108,NA,0.906669741502689
"22",106100,1.21506,1.11315602544905
"23",106102,1.50909,1.11674253246453
"24",106103,0.8612,0.871391733585651
"25",106104,NA,0.952321565681314
"26",106105,NA,0.918334356929101
"27",107100,1.3798,1.31701152009824
"28",107101,0.96406,0.977007691250146
"29",107102,0.85967,0.882359196388849
"30",107103,NA,0.931645298647536
"31",107104,NA,0.875361695725791
"32",107105,NA,0.93117792892061
"33",107106,NA,0.933998512205042
"34",107107,NA,0.947823432404691
"35",107108,NA,0.914742647071414
"36",107109,NA,0.931007720826217
"37",107110,NA,0.954596666189654
"38",108100,1.00689,0.91544035448841
"39",108101,0.96879,0.946090262559658
"40",108102,NA,0.915582620349009
"41",108104,NA,0.928507871384218
"42",108105,NA,0.946026477001847
"43",109100,1.02832,1.1312999664527
"44",109101,1.18232,1.20491472549383
"45",109102,NA,0.952938802163879
"46",109103,NA,1.10438284184046
"47",109104,NA,0.943063386594663
"48",110100,1.22921,1.20653674269671
"49",110110,NA,1.06631535913609
"50",110120,1.03548,1.05807475426741
"51",110130,1.05474,0.992084313375523
"52",110140,NA,0.920412237821687
"53",110150,0.84473,0.899816280891798
"54",110160,NA,0.904461044547906
"55",111100,1.11142,1.13400682723665
"56",111101,1.18183,1.15923970150221
"57",111195,1.78467,1.29230266850211
"58",111351,NA,1.02806095585441
"59",112100,1.1478,1.17045001214251
"60",112101,0.96337,0.957545429510459
"61",112102,1.41813,1.33651661374462
"62",112103,2.66683,1.09295906298909
"63",112104,2.05092,1.06729751716499
"64",112105,NA,0.951097987528201
"65",112106,NA,0.953422539606001
"66",112107,NA,0.933909426944043
"67",113100,1.12991,1.18072681239791
"68",113130,1.0068,1.1183370872203
"69",113150,0.79225,0.909509288162688
"70",113160,NA,0.973750871863489
"71",113170,NA,0.952321630456854
"72",113180,962,0.984583486465701
"73",113190,NA,0.905188142253941
"74",114101,1.11817,1.17429783610921
"75",114102,NA,0.93227915243382
"76",114103,1.01698,1.03958853712082
"77",114104,NA,1.08783054763912
"78",114105,1107,1.12954615520786
"79",114204,NA,1.14600778956527
"80",115100,1.21261,1.19005893722509
"81",115101,NA,0.894952079886171
"82",115102,NA,0.950178352275417
"83",115103,NA,0.913009771960864
"84",115104,NA,0.912553030208909
"85",115105,NA,0.887470568199013
"86",115106,NA,0.930643885815486
"87",115107,1.01453,0.965650911433624
"88",115108,NA,0.936586246951375
"89",115109,NA,0.985970212770453
"90",115110,0.88865,0.923149663091181
"91",115111,NA,0.950177792481011
"92",115112,NA,0.914030864241768
"93",115113,NA,0.94493474352566
"94",115114,NA,0.939053082570846
"95",116100,1.04233,1.04859693391179
"96",116101,NA,0.933468424272572
"97",116102,NA,0.928478125661807
"98",116103,NA,0.940104305875794
"99",116104,NA,0.952591158934903
"100",116105,1.20694,1.19639793901354
"101",116106,NA,0.936435545234078
"102",116107,NA,0.935578963805043
"103",116108,0.99989,0.977365721784917
"104",116109,NA,0.890118763871988
"105",116110,0.79038,0.89911935508474
"106",116111,NA,0.909691895951779
"107",116112,NA,0.941163443532956
"108",117101,1.02677,1.04944876892772
"109",117102,0.88328,0.905022648233377
"110",117103,NA,0.903650331395843
"111",117104,NA,0.918433043122958
"112",117106,NA,0.915084038189824
"113",117107,NA,0.913295055484348
"114",117108,NA,0.927567658962341
"115",118100,1.30644,1.2838781323339
"116",118103,NA,0.988059403916648
"117",118105,0.76297,0.837418121222427
"118",118106,NA,0.889275712400036
"119",118107,NA,0.948492540872717
"120",118108,NA,0.925315640110916
"121",119100,1.14672,1.12814608235255
"122",119101,NA,0.921354864538433
"123",119102,NA,0.942347277258577
"124",120101,1.09665,1.11932966328532
"125",120102,NA,0.921506834938763
"126",120103,NA,0.937338551064775
"127",120104,NA,0.913543897489534
"128",120105,NA,0.903693329727485
"129",120106,NA,0.923748267132295
"130",120107,NA,0.928384410219593
"131",121109,1.1963,1.17368797253173
"132",121110,0.81658,0.903526267439073
"133",121111,NA,0.932114976620983
"134",121112,NA,0.928603070713106
"135",121113,NA,0.921898411527213
"136",121114,0.93597,0.932007032272979
"137",121115,NA,0.926280643763647
"138",121116,NA,0.939159791336563
"139",121117,0.91662,0.919164960523279
"140",121118,NA,0.922458310930476
"141",121119,NA,0.923652072438497
"142",121120,NA,0.913094424623915
"143",121121,0.63268,0.844132096527263
"144",121200,NA,0.920314241204936
"145",121201,NA,0.952328898080556
"146",122100,1.10497,1.12757870593085
"147",122101,NA,0.938160365670934
"148",122102,NA,0.91972554767266
"149",122103,NA,0.928104372519437
"150",122104,NA,0.926908175909475
"151",122105,NA,0.912071669858497
"152",122106,NA,0.931166873100112
"153",122200,NA,0.9260010076502
"154",122201,NA,0.952160567748104
"155",123100,1.08681,1.06412792480665
"156",123101,NA,0.922415294837991
"157",123102,NA,0.924437002966118
"158",123103,NA,0.945373823126974
"159",123104,NA,0.943566260931092
"160",123105,NA,0.942108855351093
"161",124105,1.1177,1.14030136578469
"162",124110,NA,0.916902803678837
"163",124115,NA,0.938673631296188
"164",124120,NA,0.904533086407217
"165",124125,NA,0.934975257508439
"166",124130,NA,0.905601055154121
"167",124140,NA,0.949625670324164
"168",124145,NA,0.945503104649982
"169",124210,NA,1.14600778956527
"170",124380,NA,0.945114977195973
"171",125100,1.03962,1.05757775387892
"172",125101,NA,0.927219706567398
"173",125102,NA,0.950269084354005
"174",125103,NA,0.947064649987577
"175",125104,NA,0.94785228215657
"176",126100,1.11001,1.08733006609555
"177",126101,NA,0.906248990491922
"178",126102,NA,0.94752624694667
"179",126204,NA,1.14600778956527
"180",126704,NA,0.948506901532298
"181",128109,0.92201,0.89903942650647
"182",128110,NA,0.948314638293244
"183",128111,NA,0.885924716030781
"184",128112,NA,0.950613825378296
"185",128113,NA,0.887971276220716
"186",129100,0.95318,0.946986212353246
"187",129101,NA,0.936943315581898
"188",129103,NA,0.944461270890456
"189",129104,NA,0.913721842306836
"190",129106,1.01785,1.02437495339327
"191",129107,NA,0.924895396110309
"192",129108,NA,0.922944202733527
"193",133150,1.02058,0.997979816548136
"194",133155,NA,0.906515183149756
"195",133160,NA,0.946222370179344
"196",133165,NA,0.923263446700558
"197",133170,NA,0.945695244611976
"198",200076,NA,0.949324488915814
"199",200282,NA,0.939507263508151
"200",200705,NA,1.14600778956527
"201",200714,NA,1.14600778956527
"202",200717,NA,0.995257288205042
"203",200726,NA,1.14600778956527
"204",200727,NA,1.14600778956527
"205",200867,NA,1.14600778956527
"206",200868,NA,1.14600778956527
"207",200889,NA,1.14600778956527
"208",201084,NA,1.14600778956527
"209",201319,NA,1.14600778956527
